 CDSGRP CDORGE DTAFFE   LOTANN LOTORD 
 ------ ------ -------- ------ ------ 
 01     01     20140403     14     20
 01     01     20131211     13    517
 01     01     20131211     13    516
 01     01     20131211     13    515
 01     01     20130917     13    508
 01     01     20130917     13    506
 01     01     20130910     13    466
 01     01     20130301     13     92
 01     01     20130301     13     91
 01     01     20130301     13     90
 01     01     20130301     13     89
 01     01     20130301     13     88
 01     01     20130301     13     86
 01     01     20110418     11    185
 01     01     20101201     10    223
 01     01     20101201     10    222
 01     01     20101130     10    215
 01     01     20100702     10    127
 01     01     20080213      8     12
 01     01     20070603      7    176
 01     01     20070601      7    175
 01     01     20070115      7    141
 01     01     20070112      7    140
 01     01     20070112      7    135
 01     01     20070112      7    134
 01     02     20140120     14      9
 01     02     20140120     14      7
 01     02     20140120     14      6
 01     02     20140120     14      4
 01     02     20101130     10    216
